0,536
49,72
49,71
0,535
0,534
0,533
0,532
0,531
0,530
24,9
24,8
0,529
24,4
0,528
0,527
0,526
0,525
0,524
49,70
49,69
24,176
24,175
24,174
24,173
24,172
24,171
24,170
24,169
24,168
24,167
24,166
24,165
24,164
24,163
24,162
24,161
24,160
24,159
24,158
24,157
24,156
24,155
24,154
24,153
24,152
24,151
24,150
24,149
24,148
24,147
24,146
24,145
24,144
24,143
24,142
24,141
24,140
24,139
24,138
24,137
24,136
24,135
24,134
24,133
24,132
24,131
24,130
24,129
24,128
24,121
24,120
24,119
24,118
24,117
24,116
24,115
24,114
24,113
24,112
65,35
24,5
24,1
24,111
24,3
14,6
14,7
3,2
3,1
3,3
10,161
10,31
10,9
10,111
10,169
10,2
10,3
11,5
11,17
11,9
9,5
8,8
8,5
8,7
0,390
20,3
20,2
20,1
19,3
19,2
19,1
18,3
18,1
14,4
14,3
14,1
13,3
13,1
12,3
12,2
12,1
11,28
11,27
11,26
11,25
11,24
11,23
11,22
11,21
11,20
11,19
11,8
11,3
11,2
11,1
10,303
10,302
10,301
10,300
10,299
10,298
10,297
10,296
10,295
10,294
10,293
10,292
10,291
10,290
10,289
10,288
10,287
10,286
10,285
10,284
10,283
10,282
10,281
10,280
10,279
10,278
10,277
10,276
10,275
10,274
10,273
10,272
10,271
10,270
10,269
10,268
10,267
10,266
10,265
10,264
10,263
10,262
10,261
10,260
10,259
10,258
10,257
10,256
10,255
10,254
10,253
10,252
10,251
10,250
10,249
10,248
10,247
10,246
10,245
10,244
10,243
10,242
10,241
10,240
10,239
10,238
10,237
10,236
10,235
